135,-25,Reef, 0
-80.05699,26.6159,Tiger, 1
-122.33207,47.60621,Bull, 1
1.44367,43.60426,White, 2
-155.99556,19.64056,Shark, 1
-122.33207,47.60621,White, 1
-80.05699,26.6159,Tiger, 1
174.76667,-36.86667,Shark, 0
-80.41394,37.22957,White, 1
-117.55477,33.53419,White, 1
-117.55477,33.53419,White, 1
174.45,-36.81667,Shark, 0
-87.65005,41.85003,Shark, 1
47.75,29.5,Shark, 3
-80.41394,37.22957,White, 1
114.01667,22.3,Shark, 3
-80.05699,26.6159,Tiger, 1
-97.32085,32.72541,Shark, 1
-80.41394,37.22957,White, 1
-88.33333,15.08333,Tiger, 1
-117.99923,33.6603,Galapagos, 1
-80.41394,37.22957,White, 1
-80.41394,37.22957,White, 1
74.53134,32.49268,Shark, 3
4.88969,52.37403,Lemon, 2
-122.41942,37.77493,White, 1
-80.41394,37.22957,White, 1
151.77647,-32.92715,Bull, 0
-84.38798,33.749,Shark, 1
114.01667,22.3,Shark, 3
135.183,34.6913,Whale, 3
135,-25,Bull, 0
-80.41394,37.22957,White, 1
-98.5,39.76,Gray, 1
135,-25,White, 0
-80.41394,37.22957,White, 1
126.9784,37.566,Lemon, 3
-80.41394,37.22957,White, 1
-79.4163,43.70011,Mako, 1
114.01667,22.3,Shark, 3
-79.4163,43.70011,White, 1
135,-25,White, 0
-0.0061,51.12382,Tiger, 2
-122.41942,37.77493,Hammerhead, 1
100.50144,13.75398,Shark, 3
-122.33207,47.60621,Shark, 1
-80.41394,37.22957,White, 1
-87.65005,41.85003,White, 1
-80.05699,26.6159,Tiger, 1
151.20732,-33.86785,Nurse, 0
135,-25,White, 0
-117.55477,33.53419,Blue, 1
-122.0308,36.97412,White, 1
-84.38798,33.749,Shark, 1
-80.41394,37.22957,White, 1
-86.62,36.30477,Shark, 1
-121.91662,36.61774,Whale, 1
174.45,-36.81667,Shark, 0
-79.4163,43.70011,Blue, 1
-80.41394,37.22957,White, 1
8.01427,47.00016,Porbeagle, 2
-2.35622,49.43331,White, 2
-79.4163,43.70011,Whale, 1
-74.00597,40.71427,Tiger, 1
-80.41394,37.22957,White, 1
-122.41942,37.77493,Whale, 1
73.50888,4.1748,Whale, 3
-113.64258,60.10867,White, 1
67.0822,24.9056,Shark, 3
-117.99923,33.6603,Galapagos, 1
47.75,29.5,Shark, 3
-0.32719,51.06395,Reef, 2
-110.92648,32.22174,Tiger, 1
121.53185,25.04776,White, 3
-80.41394,37.22957,White, 1
-79.4163,43.70011,Shark, 1
-80.41394,37.22957,White, 1
-80.41394,37.22957,White, 1
-80.41394,37.22957,White, 1
-79.4163,43.70011,White, 1
-79.4163,43.70011,Tiger, 1
-114.31291,48.19579,White, 1
-79.4163,43.70011,Blue, 1
2,46,Blacktip, 2
-80.41394,37.22957,White, 1
135,-25,Bull, 0
149.12807,-35.28346,Nurse, 0
-80.05699,26.6159,Lemon, 1
-80.41394,37.22957,White, 1
-2.09814,57.14369,Whale, 2
-118.24368,34.05223,White, 1
-79.4163,43.70011,Whale, 1
149.12807,-35.28346,Nurse, 0
-80.05699,26.6159,Reef, 1
-79.4163,43.70011,Silky, 1
-80.05699,26.6159,Tiger, 1
-0.0061,51.12382,Tiger, 2
-155.99556,19.64056,Reef, 1
73.50888,4.1748,Reef, 3
-0.0061,51.12382,Lemon, 2
-87.65005,41.85003,Whale, 1
-79.4163,43.70011,Lemon, 1
-0.32719,51.06395,Reef, 2
114.01667,22.3,Shark, 3
-87.65005,41.85003,White, 1
-117.99923,33.6603,Reef, 1
-122.0308,36.97412,Silvertip, 1
14.50194,35.9125,Shark, 2
-79.4163,43.70011,Lemon, 1
-117.55477,33.53419,Lemon, 1
-87.65005,41.85003,Lemon, 1
-71.10561,42.3751,Reef, 1
-157.85833,21.30694,Galapagos, 1
-87.65005,41.85003,Lemon, 1
-80.41394,37.22957,White, 1
-98.5,39.76,Gray, 1
116.0724,5.9749,White, 3
-28.45404,38.42836,Blue, 2
-155.99556,19.64056,Galapagos, 1
-155.99556,19.64056,Reef, 1
-117.99923,33.6603,Tiger, 1
-87.65005,41.85003,White, 1
-80.05699,26.6159,Lemon, 1
-88.23206,16.96921,Whale, 1
-79.4163,43.70011,Reef, 1
-117.99923,33.6603,Shark, 1
-122.33207,47.60621,Shark, 1
-79.4163,43.70011,Silky, 1
-2.35622,49.43331,Shark, 2
-80.05699,26.6159,Reef, 1
-79.4163,43.70011,Reef, 1
-79.4163,43.70011,Lemon, 1
1.29834,52.62783,Shark, 2
-80.05699,26.6159,Tiger, 1
-79.4163,43.70011,Shark, 1
-80.41394,37.22957,White, 1
-79.4163,43.70011,White, 1
114.01667,22.3,Shark, 3
151.20732,-33.86785,Shark, 0
-79.4163,43.70011,Blue, 1
-3.70256,40.4165,Tiger, 2
-2.35622,49.43331,White, 2
135,-25,White, 0
4.88969,52.37403,Reef, 2
-117.99923,33.6603,Sandbar, 1
-92.50046,38.25031,Shark, 1
151.20732,-33.86785,Nurse, 0
-80.41394,37.22957,White, 1
-0.0061,51.12382,Tiger, 2
114.01667,22.3,Shark, 3
4.88969,52.37403,White, 2
-74.65905,40.34872,Shark, 1
-84.37382,33.78649,Shark, 1
1.58333,42.55,Lemon, 2
-88.18343,43.42528,Shark, 1
-80.41394,37.22957,White, 1
149.12807,-35.28346,Nurse, 0
-80.41394,37.22957,White, 1
-98.5,39.76,Tiger, 1
-79.4163,43.70011,Blue, 1
151.20732,-33.86785,Nurse, 0
151.20732,-33.86785,Gray, 0
-0.0061,51.12382,Lemon, 2
-118.49119,34.01945,Blue, 1
-86.84656,21.17429,Shark, 1
-79.4163,43.70011,Reef, 1
-79.4163,43.70011,Tiger, 1
4.88969,52.37403,Tiger, 2
-2.35622,49.43331,White, 2
-2.35622,49.43331,Shark, 2
135,-25,Shark, 0
135,-25,Shark, 0
12.51133,41.89193,Shark, 2
4.88969,52.37403,Lemon, 2
-91.6083,30.12907,Reef, 1
153.02809,-27.46794,Shark, 0
-80.41394,37.22957,White, 1
-80.41394,37.22957,White, 1
135,-25,Shark, 0
-80.41394,37.22957,Whale, 1
-7.61138,33.58831,Shark, 2
-80.41394,37.22957,White, 1
-74.45099,40.63788,Shark, 1
-157.85833,21.30694,Tiger, 1
103.8,1.36667,Shark, 3
116.0724,5.9749,Whale, 3
-117.99923,33.6603,Galapagos, 1
-0.12574,51.50853,White, 2
-80.05699,26.6159,Lemon, 1
-79.4163,43.70011,Hammerhead, 1
-79.4163,43.70011,Blue, 1
-4.75,50.41667,Basking, 2
-80.05699,26.6159,Tiger, 1
121.53185,25.04776,White, 3
-80.41394,37.22957,White, 1
-117.99923,33.6603,Lemon, 1
153.43088,-28.00029,Nurse, 0
-79.4163,43.70011,Whale, 1
-117.99923,33.6603,Tiger, 1
-0.12574,51.50853,Reef, 2
149.12807,-35.28346,Nurse, 0
4.88969,52.37403,Reef, 2
-79.4163,43.70011,Blue, 1
-3.70256,40.4165,Whale, 2
-0.32719,51.06395,Shark, 2
135,-25,White, 0
-80.41394,37.22957,White, 1
22,39,Shark, 2
14.43333,35.91667,Shark, 2
-122.41942,37.77493,Tiger, 1
-79.10139,35.5825,Shark, 1
149.12807,-35.28346,Nurse, 0
10.5,51.5,Reef, 2
116.0724,5.9749,Whale, 3
-122.03635,37.36883,Shark, 1
-79.4163,43.70011,Reef, 1
-3.70256,40.4165,White, 2
-84.3642,33.6101,Whale, 1
-80.05699,26.6159,Lemon, 1
-80.41394,37.22957,White, 1
-117.99923,33.6603,White, 1
-117.99923,33.6603,Galapagos, 1
-118.24368,34.05223,Shark, 1
-80.41394,37.22957,White, 1
4.88969,52.37403,Reef, 2
8.30635,47.05048,Whale, 2
151.20732,-33.86785,Nurse, 0
-117.99923,33.6603,Galapagos, 1
-79.4163,43.70011,Nurse, 1
-2.23743,53.48095,Blacktip, 2
-155.99556,19.64056,Reef, 1
4.42222,51.8575,Shark, 2
-119.82764,34.43583,Galapagos, 1
-0.32719,51.06395,Reef, 2
135,-25,Tiger, 0
116.0724,5.9749,White, 3
48.07417,29.31167,Shark, 3
-79.4163,43.70011,Cow, 1
151.20732,-33.86785,Gray, 0
135,-25,Galapagos, 0
-98.5,39.76,Shark, 1
151.20732,-33.86785,Shark, 0
-84.3642,33.6101,Whale, 1
151.20732,-33.86785,Shark, 0
4.88969,52.37403,Reef, 2
-0.12574,51.50853,Tiger, 2
176,-39,Shark, 0
151.77647,-32.92715,Bull, 0
-70.72587,42.19593,Hammerhead, 1
-0.12574,51.50853,Reef, 2
-115,30,White, 1
-117.99923,33.6603,Galapagos, 1
-80.05699,26.6159,Lemon, 1
4.88969,52.37403,Reef, 2
151.20732,-33.86785,Gray, 0
-0.12574,51.50853,Whitetip, 2
103.8,1.36667,Whale, 3
151.20732,-33.86785,Nurse, 0
-8.396,43.37135,Shark, 2
-79.4163,43.70011,Bull, 1
-86.84656,21.17429,Whale, 1
-86.84656,21.17429,Whale, 1
-119.29317,34.27834,Shark, 1
-117.99923,33.6603,White, 1
-98.5,39.76,Shark, 1
-3.70256,40.4165,Lemon, 2
115.8614,-31.95224,Whale, 0
-119.82764,34.43583,Shark, 1
-79.4163,43.70011,Bull, 1
114.01667,22.3,Shark, 3
-0.12574,51.50853,Reef, 2
-80.41394,37.22957,White, 1
149.12807,-35.28346,White, 0
-79.4163,43.70011,Reef, 1
-0.32719,51.06395,Reef, 2
10.5,51.5,Reef, 2
-1.89983,52.48142,Whale, 2
116.0724,5.9749,Whale, 3
-80.41394,37.22957,Shark, 1
-3.20792,51.77714,Whale, 2
135,-25,Reef, 0
114.01667,22.3,Shark, 3
18.42322,-33.92584,White, 0
-0.0061,51.12382,Reef, 2
-97.32085,32.72541,Reef, 1
-2.36172,51.3751,Reef, 2
18.42322,-33.92584,White, 0
-79.93092,32.77657,White, 1
-0.0061,51.12382,Lemon, 2
47.75,29.5,Shark, 3
-155.99556,19.64056,Shark, 1
-2.23743,53.48095,Blacktip, 2
-2.23743,53.48095,Blacktip, 2
153.43088,-28.00029,Nurse, 0
121.45806,31.22222,White, 3
4.47917,51.9225,Shark, 2
28.18783,-25.74486,Hammerhead, 0
-122.03635,37.36883,Shark, 1
-79.4163,43.70011,Silvertip, 1
-98.5,39.76,Blue, 1
-79.4163,43.70011,Blue, 1
-79.4163,43.70011,Blue, 1
149.12807,-35.28346,Nurse, 0
-122.0308,36.97412,Reef, 1
7.16755,51.27027,Shark, 2
35.64972,34.16444,Nurse, 2
-2.35622,49.43331,White, 2
22.14605,-34.18307,Shark, 0
114.01667,22.3,Shark, 3
4.88969,52.37403,Reef, 2
10.01534,53.57532,Shark, 2
153.38112,-27.87667,Shark, 0
144.96332,-37.814,Shark, 0
116.0724,5.9749,White, 3
-80.41394,37.22957,White, 1
9.27246,45.58005,Whale, 2
-97.74306,30.26715,Shark, 1
14.50194,35.9125,Shark, 2
-2.23743,53.48095,Blacktip, 2
-100.31846,25.67506,Mako, 1
135,-25,White, 0
151.20732,-33.86785,Gray, 0
-118.53675,34.22834,Shark, 1
120.9822,14.6042,Whale, 3
-2.23743,53.48095,Blacktip, 2
-80.41394,37.22957,Shark, 1
135,-25,Hammerhead, 0
-80.05699,26.6159,Tiger, 1
-2.23743,53.48095,Blacktip, 2
-114.98194,36.0397,Shark, 1
8.01427,47.00016,Whale, 2
-74.00597,40.71427,Tiger, 1
2,46,Blacktip, 2
174,-42,Nurse, 0
-157.85833,21.30694,Shark, 1
9.27246,45.58005,Blue, 2
100.02489,9.74512,Bull, 3
-79.4163,43.70011,Reef, 1
2,46,Reef, 2
-80.38232,33.91617,Whale, 1
-0.32719,51.06395,Reef, 2
172.63333,-43.53333,Shark, 0
-0.12574,51.50853,Shark, 2
-79.4163,43.70011,Reef, 1
-79.84963,43.25011,Shark, 1
151.77647,-32.92715,Bull, 0
-80.05699,26.6159,Lemon, 1
-90.45232,31.43878,White, 1
151.20732,-33.86785,Shark, 0
151.20732,-33.86785,Shark, 0
4.88969,52.37403,Tiger, 2
-157.85833,21.30694,Tiger, 1
2.65024,39.56939,Shark, 2
-110.92648,32.22174,Hammerhead, 1
2.65024,39.56939,Shark, 2
4.88969,52.37403,Tiger, 2
149.12807,-35.28346,Nurse, 0
-157.85833,21.30694,Galapagos, 1
-0.0061,51.12382,Reef, 2
-80.86039,32.23715,Reef, 1
-122.41942,37.77493,White, 1
-79.4163,43.70011,Shark, 1
9.25853,59.55936,Shark, 2
151.20732,-33.86785,Shark, 0
-2.35622,49.43331,Silky, 2
9.27246,45.58005,Blue, 2
-117.55477,33.53419,Tiger, 1
-86.84656,21.17429,Whale, 1
9.27246,45.58005,Tiger, 2
151.20732,-33.86785,Shark, 0
116.0724,5.9749,White, 3
151.20732,-33.86785,Shark, 0
174,-42,Shark, 0
114.01667,22.3,Shark, 3
-3.70256,40.4165,Shark, 2
-0.0061,51.12382,Reef, 2
-156.61706,20.86774,Shark, 1
15.62157,58.41086,Shark, 2
-98.5,39.76,Shark, 1
-0.12574,51.50853,Shark, 2
13.06566,52.39886,Shark, 2
103.8,1.36667,Whale, 3
149.12807,-35.28346,Nurse, 0
116.0724,5.9749,Whale, 3
115.8614,-31.95224,White, 0
151.20732,-33.86785,Shark, 0
-91.6083,30.12907,Shark, 1
-117.99923,33.6603,Shark, 1
-2.23743,53.48095,Blacktip, 2
4.88969,52.37403,Reef, 2
-0.12574,51.50853,Lemon, 2
114.01667,22.3,Shark, 3
2,46,Blacktip, 2
-157.85833,21.30694,Whale, 1
129.04028,35.10278,Shark, 3
151.20732,-33.86785,Shark, 0
22.14605,-34.18307,Shark, 0
-0.0061,51.12382,Reef, 2
116.0724,5.9749,Whale, 3
117.17667,39.14222,Whale, 3
-0.0061,51.12382,Lemon, 2
-117.99923,33.6603,White, 1
4.88969,52.37403,Reef, 2
22.14605,-34.18307,Tiger, 0
-121.89468,36.60024,Shark, 1
114.01667,22.3,Shark, 3
-49.27306,-25.42778,Shark, 0
-80.05699,26.6159,Tiger, 1
-117.55477,33.53419,Lemon, 1
-117.55477,33.53419,Lemon, 1
-122.33207,47.60621,Shark, 1
4.88969,52.37403,Lemon, 2
-9.13333,38.71667,Zebra, 2
28.04363,-26.20227,Shark, 0
-86.29997,32.36681,Whale, 1
151.20732,-33.86785,Nurse, 0
-117.99923,33.6603,Tiger, 1
-117.55477,33.53419,Tiger, 1
-3.70256,40.4165,Tiger, 2
-115,30,White, 1
-117.55477,33.53419,Tiger, 1
-98.5,39.76,Lemon, 1
-78.39085,40.33591,Shark, 1
-0.12574,51.50853,Reef, 2
-117.55477,33.53419,Lemon, 1
9.27246,45.58005,Blue, 2
-79.4163,43.70011,Tiger, 1
-117.99923,33.6603,White, 1
-97.97959,30.36377,Reef, 1
18.42322,-33.92584,Shark, 0
-80.41394,37.22957,Shark, 1
18.42322,-33.92584,Shark, 0
-80.41394,37.22957,White, 1
-3.70256,40.4165,Blue, 2
-122.41942,37.77493,Shark, 1
114.15769,22.28552,Shark, 3
9.27246,45.58005,Blue, 2
-97.97959,30.36377,Reef, 1
-2.23743,53.48095,Blacktip, 2
-0.12574,51.50853,Reef, 2
37.61556,55.75222,Shark, 2
-43.2075,-22.90278,Shark, 0
116.0724,5.9749,Whale, 3
135,-25,White, 0
-117.15726,32.71533,Shark, 1
-73.12122,41.80065,Shark, 1
151.77647,-32.92715,Bull, 0
-4.99541,50.44056,Shark, 2
151.20732,-33.86785,Nurse, 0
-2.23743,53.48095,Blacktip, 2
-118.24368,34.05223,Hammerhead, 1
18.42322,-33.92584,White, 0
116.0724,5.9749,Whale, 3
-80.05699,26.6159,Lemon, 1
-74.74294,40.21705,Shark, 1
-121.89468,36.60024,Shark, 1
-117.99923,33.6603,Shark, 1
114.01667,22.3,Shark, 3
-97.06473,33.15401,Reef, 1
-98.5,39.76,Shark, 1
-98.5,39.76,Shark, 1
4.88969,52.37403,Lemon, 2
-76.52662,38.56679,Whale, 1
149.12807,-35.28346,Nurse, 0
-122.03107,37.97798,Shark, 1
-81.63474,33.54437,Shark, 1
-81.09983,32.08354,Tiger, 1
-95.36327,29.76328,Nurse, 1
-84.12934,9.99299,Shark, 1
9.27246,45.58005,Shark, 2
149.12807,-35.28346,Nurse, 0
-96.80667,32.78306,Shark, 1
0.46958,51.73575,Shark, 2
-97.97959,30.36377,Reef, 1
-3.60667,37.18817,Shark, 2
115.8614,-31.95224,Shark, 0
-104.9847,39.73915,Shark, 1
-0.18835,51.98781,Shark, 2
-98.5,39.76,Lemon, 1
-117.99923,33.6603,White, 1
8.35916,49.63278,Shark, 2
8.35916,49.63278,Shark, 2
-79.4163,43.70011,Shark, 1
-95.36327,29.76328,Shark, 1
7.1204,43.66663,Shark, 2
-115.13722,36.17497,Shark, 1
-79.4163,43.70011,Tiger, 1
-102.28259,21.88234,Shark, 1
-79.4163,43.70011,Tiger, 1
-157.85833,21.30694,Tiger, 1
32.58322,-25.96553,Shark, 0
136.90641,35.18147,Shark, 3
-85.69337,10.98545,Shark, 1
8.01427,47.00016,Whale, 2
135,-25,Tiger, 0
0.66667,51.16667,Tiger, 2
4.88969,52.37403,Reef, 2
-123.11934,49.24966,Shark, 1
-117.55477,33.53419,Lemon, 1
-2.23743,53.48095,Shark, 2
-43.2075,-22.90278,Shark, 0
4.47917,51.9225,Shark, 2
151.20732,-33.86785,White, 0
-122.41942,37.77493,Whale, 1
-76.74969,38.81595,Reef, 1
-95.36327,29.76328,White, 1
-71.10832,42.36565,Shark, 1
151.20732,-33.86785,Nurse, 0
-97.94211,35.94539,Shark, 1
18.42322,-33.92584,Shark, 0
-95.36327,29.76328,White, 1
4.88969,52.37403,Reef, 2
-97.51643,35.46756,Whale, 1
-84.12934,9.99299,Reef, 1
9.27246,45.58005,Shark, 2
9.27246,45.58005,Blue, 2
-87.65005,41.85003,Reef, 1
-155.99556,19.64056,Shark, 1
4.88969,52.37403,Lemon, 2
4.88969,52.37403,Tiger, 2
4.88969,52.37403,Lemon, 2
-117.55477,33.53419,Lemon, 1
-82.99879,39.96118,Whale, 1
-87.78449,41.57337,Shark, 1
-71.05977,42.35843,Shark, 1
-122.33207,47.60621,Shark, 1
-122.33207,47.60621,Shark, 1
-122.33207,47.60621,Shark, 1
-4.14305,50.37153,White, 2
-74.00597,40.71427,Tiger, 1
7.44744,46.94809,Reef, 2
18.42322,-33.92584,Shark, 0
-99.12766,19.42847,Bull, 1
-0.53792,53.22683,Shark, 2
2.89541,42.69764,Shark, 2
-122.31513,47.82093,Tiger, 1
-0.32719,51.06395,Reef, 2
2,46,Reef, 2
7.44744,46.94809,Reef, 2
-87.65005,41.85003,Tiger, 1
174.08333,-39.06667,Shark, 0
18.42322,-33.92584,Shark, 0
114.01667,22.3,Shark, 3
-101.85517,33.57786,Shark, 1
-81.40952,28.29057,Shark, 1
-0.12574,51.50853,Reef, 2
-74.00597,40.71427,Tiger, 1
18.42322,-33.92584,Shark, 0
18.42322,-33.92584,Shark, 0
18.42322,-33.92584,Shark, 0
-117.99923,33.6603,Shark, 1
-2.35622,49.43331,Silky, 2
-85.79198,42.90725,Reef, 1
9.18951,45.46427,Shark, 2
-86.84656,21.17429,Whale, 1
4.88969,52.37403,Tiger, 2
-2.89189,53.1905,Shark, 2
9.27246,45.58005,Blue, 2
-79.4163,43.70011,Silvertip, 1
8.35916,49.63278,Shark, 2
8.35916,49.63278,Shark, 2
8.35916,49.63278,Shark, 2
8.35916,49.63278,Shark, 2
151.20732,-33.86785,Shark, 0
10,62,Shark, 2
-117.99923,33.6603,Reef, 1
-122.27275,37.87159,Whale, 1
18.42322,-33.92584,Shark, 0
-2.89189,53.1905,White, 2
-2.69531,54.75844,Shark, 2
-155.9225,19.52083,Shark, 1
-97.97959,30.36377,Reef, 1
153.02809,-27.46794,Shark, 0
12.80317,41.95781,Shark, 2
-63.50861,44.88083,Reef, 1
